class 0, total number:32: 43 44 59 80 81 88 93 95 101 102 104 129 139 147 149 176 178 195 199 200 202 207 220 253 266 268 275 282 284 289 306 317
class 1, total number:15: 15 41 73 76 98 107 108 128 130 135 158 160 297 309 315
class 2, total number:15: 110 113 116 120 142 146 151 239 272 276 278 288 294 299 310
class 3, total number:91: 1 2 3 4 5 6 7 8 9 11 12 13 16 17 18 21 22 23 26 27 28 29 30 32 33 34 35 36 37 38 39 47 48 50 52 53 54 55 56 57 58 62 63 65 66 69 70 72 77 78 79 86 87 109 117 131 134 145 164 166 168 169 173 177 179 182 189 193 194 203 205 211 212 214 216 218 223 226 228 230 232 235 236 246 251 267 290 300 301 313 319
class 4, total number:1: 286
class 5, total number:39: 19 20 82 92 96 99 100 106 118 121 123 126 138 140 141 144 148 150 154 159 163 170 172 181 183 186 197 206 208 209 213 219 225 227 233 240 255 260 291
class 6, total number:21: 0 46 71 75 83 111 155 175 196 204 210 222 229 231 242 249 250 257 273 293 304
class 7, total number:59: 10 45 60 67 74 90 115 124 136 137 156 165 174 184 187 188 192 215 217 221 224 234 237 241 243 244 245 247 248 252 254 256 258 259 264 265 269 270 271 274 277 279 280 283 285 287 292 295 296 298 302 303 305 308 311 312 314 316 318
class 8, total number:23: 14 31 42 51 61 68 91 103 122 125 133 153 157 161 167 171 180 185 191 198 201 238 307
class 9, total number:24: 24 25 40 49 64 84 85 89 94 97 105 112 114 119 127 132 143 152 162 190 261 262 263 281
