class 0, total number:32: 10 60 67 74 187 188 234 241 242 244 246 248 249 252 255 257 259 264 265 268 271 273 288 291 292 302 303 304 305 307 308 313
class 1, total number:13: 2 20 34 82 92 121 161 169 170 172 181 209 213
class 2, total number:7: 24 49 84 93 162 263 281
class 3, total number:12: 3 5 15 23 39 53 58 59 132 203 224 286
class 4, total number:6: 80 94 105 190 223 262
class 5, total number:16: 6 21 36 42 48 70 87 89 104 117 152 179 189 193 235 266
class 6, total number:45: 1 4 7 8 9 12 13 17 22 26 27 28 29 30 31 33 35 37 41 47 57 62 63 72 73 77 79 86 133 140 148 153 166 167 177 194 199 211 214 218 220 229 232 238 267
class 7, total number:10: 75 247 253 274 275 282 289 296 311 318
class 8, total number:18: 69 71 83 101 102 111 134 175 176 196 200 207 216 222 231 233 250 306
class 9, total number:23: 25 40 50 61 64 65 85 97 114 119 122 123 125 127 138 149 165 202 212 236 256 260 261
class 10, total number:27: 38 66 76 78 107 108 110 113 128 130 131 135 151 158 160 163 173 182 186 205 276 290 297 309 315 317 319
class 11, total number:15: 32 43 51 81 103 109 112 129 143 147 150 171 191 198 226
class 12, total number:8: 14 44 68 95 139 178 195 284
class 13, total number:13: 90 100 126 136 154 159 183 217 219 227 228 245 299
class 14, total number:13: 11 16 18 19 52 54 88 145 197 210 225 272 277
class 15, total number:17: 96 99 106 118 124 141 144 155 156 208 221 254 258 270 280 287 316
class 16, total number:25: 0 55 56 98 115 157 168 174 180 184 185 192 201 206 230 237 239 240 278 279 293 295 298 300 301
class 17, total number:6: 116 120 243 251 294 310
class 18, total number:10: 45 46 137 204 215 269 283 285 312 314
class 19, total number:4: 91 142 146 164
