labels 1 -1
1 0.816399 0.183601
1 0.544161 0.455839
1 0.951612 0.0483877
1 0.998761 0.00123882
1 0.992884 0.00711614
1 0.926471 0.0735294
1 0.987723 0.0122765
1 0.993809 0.00619062
1 0.979021 0.0209793
1 0.999792 0.000208246
1 0.919092 0.0809083
1 0.999433 0.00056659
1 0.993712 0.00628827
1 0.990805 0.00919518
1 0.992437 0.00756287
1 0.807303 0.192697
1 0.620969 0.379031
1 0.999542 0.000457635
1 0.947183 0.0528166
1 0.965288 0.0347122
-1 0.0841485 0.915852
-1 0.0782566 0.921743
-1 0.0150315 0.984968
-1 0.0949195 0.905081
-1 0.0230844 0.976916
-1 0.0713504 0.92865
-1 0.0691404 0.93086
-1 0.0183061 0.981694
-1 0.217715 0.782285
-1 0.0697565 0.930243
-1 0.0424009 0.957599
-1 0.0766049 0.923395
-1 0.0795238 0.920476
-1 0.0493999 0.9506
-1 0.038481 0.961519
-1 0.11267 0.88733
-1 0.0288289 0.971171
-1 0.0167361 0.983264
-1 0.0460964 0.953904
-1 0.0383212 0.961679
-1 0.0268218 0.973178
-1 0.0744739 0.925526
-1 0.0537555 0.946244
-1 0.150977 0.849023
-1 0.17946 0.82054
-1 0.03654 0.96346
-1 0.00642885 0.993571
-1 0.107403 0.892597
-1 0.0111428 0.988857
-1 0.0522976 0.947702
-1 0.0098701 0.99013
-1 0.103453 0.896547
-1 0.16422 0.83578
-1 0.124245 0.875755
-1 0.0813858 0.918614
-1 0.079277 0.920723
-1 0.00507015 0.99493
-1 0.0644981 0.935502
-1 0.0144612 0.985539
-1 0.00941989 0.99058
-1 0.0432795 0.95672
-1 0.030315 0.969685
-1 0.025273 0.974727
-1 0.00483381 0.995166
-1 0.00546161 0.994538
-1 0.010398 0.989602
1 0.537398 0.462602
-1 0.0398268 0.960173
-1 0.0267355 0.973264
-1 0.0181353 0.981865
-1 0.0194051 0.980595
-1 0.0026502 0.99735
-1 0.0313786 0.968621
-1 0.0025452 0.997455
-1 0.0756356 0.924364
-1 0.0682676 0.931732
-1 0.00826676 0.991733
-1 0.00262754 0.997372
-1 0.0460261 0.953974
-1 0.0177625 0.982238
