L1 453:
1 
4 
5 
6 
7 
8 
10 
12 
17 
21 
25 
27 
28 
31 
32 
33 
35 
37 
38 
39 
43 
45 
48 
52 
54 
55 
57 
58 
68 
69 
70 
71 
72 
73 
75 
78 
85 
90 
93 
94 
95 
97 
100 
104 
108 
110 
111 
112 
114 
115 
116 
117 
118 
120 
122 
125 
126 
129 
130 
132 
136 
140 
143 
145 
147 
150 
151 
154 
155 
157 
158 
160 
161 
162 
164 
168 
170 
171 
172 
173 
175 
176 
177 
181 
183 
185 
192 
193 
196 
197 
198 
201 
203 
204 
205 
206 
207 
208 
210 
213 
214 
215 
217 
220 
227 
229 
234 
236 
239 
240 
241 
242 
249 
252 
256 
258 
259 
265 
266 
272 
274 
275 
276 
277 
279 
280 
283 
285 
290 
294 
296 
298 
304 
307 
308 
309 
310 
318 
319 
320 
322 
326 
327 
329 
332 
334 
336 
339 
343 
346 
348 
349 
350 
351 
352 
354 
355 
357 
361 
362 
364 
366 
368 
373 
377 
378 
381 
385 
387 
388 
390 
392 
394 
395 
400 
401 
403 
405 
406 
411 
413 
415 
417 
419 
422 
423 
424 
427 
428 
429 
430 
432 
438 
440 
447 
448 
449 
450 
455 
456 
458 
460 
461 
464 
468 
469 
470 
471 
472 
477 
480 
481 
484 
486 
487 
489 
490 
494 
496 
499 
500 
504 
505 
509 
510 
511 
513 
515 
516 
517 
521 
522 
523 
526 
527 
529 
530 
534 
538 
539 
541 
546 
548 
550 
554 
561 
563 
567 
568 
569 
571 
572 
573 
574 
576 
577 
578 
579 
580 
581 
583 
585 
591 
593 
594 
595 
597 
598 
600 
605 
606 
611 
614 
617 
618 
620 
623 
628 
631 
632 
634 
638 
639 
641 
642 
647 
649 
651 
653 
657 
658 
661 
663 
665 
672 
673 
674 
675 
676 
678 
682 
684 
686 
687 
688 
689 
692 
694 
699 
701 
703 
704 
706 
707 
708 
709 
710 
711 
712 
718 
720 
721 
722 
723 
731 
732 
733 
735 
736 
738 
740 
742 
744 
745 
746 
752 
758 
760 
763 
765 
766 
769 
774 
775 
778 
780 
782 
783 
784 
788 
789 
790 
792 
793 
795 
797 
798 
800 
801 
803 
804 
805 
809 
810 
812 
814 
815 
819 
820 
823 
825 
826 
829 
830 
832 
834 
838 
839 
841 
842 
843 
844 
846 
849 
851 
852 
853 
854 
855 
857 
859 
860 
862 
867 
871 
874 
878 
879 
883 
884 
885 
886 
887 
888 
890 
893 
895 
897 
899 
903 
905 
906 
910 
912 
913 
914 
918 
919 
921 
922 
923 
925 
928 
932 
935 
937 
940 
944 
946 
947 
948 
949 
950 
952 
956 
960 
963 
964 
966 
967 
970 
975 
978 
981 
982 
983 
984 
988 
989 
991 
992 
995 
998 
L2 191:
874 921 
852 906 
826 906 
795 995 
795 853 
789 829 
788 956 
780 887 
721 885 
709 970 
684 766 
733 998 
623 795 
617 885 
598 782 
684 819 
583 617 
581 966 
579 803 
569 801 
720 780 
538 921 
538 878 
534 995 
529 598 
523 998 
523 733 
517 982 
517 883 
516 523 
509 569 
561 888 
623 853 
494 883 
487 510 
480 752 
470 995 
470 534 
461 862 
461 801 
460 684 
529 782 
419 844 
411 842 
411 579 
580 871 
392 862 
392 801 
392 569 
392 461 
394 487 
571 853 
569 862 
58 354 
401 460 
150 236 
440 883 
150 204 
217 888 
116 673 
561 919 
120 354 
346 515 
72 541 
33 346 
368 829 
150 852 
204 852 
346 561 
33 283 
70 765 
33 883 
516 998 
27 58 
39 580 
354 357 
196 674 
58 752 
516 733 
368 460 
158 354 
38 283 
75 438 
354 989 
71 336 
461 569 
120 829 
923 947 
158 583 
12 39 
150 906 
70 684 
151 266 
120 885 
71 766 
8 684 
438 684 
27 752 
368 937 
71 989 
217 510 
27 480 
579 842 
801 862 
704 825 
158 617 
48 126 
39 825 
154 168 
71 283 
39 871 
175 177 
394 510 
58 357 
71 593 
354 583 
350 411 
145 795 
71 354 
411 803 
145 674 
204 236 
336 354 
236 906 
177 600 
177 709 
177 970 
354 752 
27 357 
192 935 
428 826 
217 346 
12 120 
661 720 
204 906 
69 362 
39 704 
357 480 
310 600 
27 354 
395 854 
310 709 
58 480 
516 744 
658 682 
33 515 
217 394 
217 515 
217 561 
217 661 
217 283 
217 947 
395 895 
227 390 
350 842 
75 684 
522 937 
57 937 
571 795 
661 780 
71 509 
348 912 
283 515 
236 852 
276 960 
177 310 
279 428 
279 826 
283 346 
765 819 
71 438 
217 487 
310 970 
571 623 
296 368 
70 819 
336 989 
346 888 
350 572 
350 579 
362 752 
354 480 
354 509 
354 617 
33 217 
357 752 
368 438 
368 529 
368 658 
368 682 
854 899 
L3 90:
217 283 515 
33 217 515 
217 283 346 
279 428 826 
177 310 970 
177 310 709 
177 310 600 
204 236 906 
58 357 480 
39 704 825 
350 579 842 
27 354 480 
27 357 480 
217 394 510 
27 357 752 
27 354 752 
71 336 354 
71 336 989 
336 354 989 
71 354 989 
75 438 684 
158 354 617 
158 354 583 
58 357 752 
354 357 480 
27 354 357 
354 357 752 
27 58 357 
27 58 480 
27 58 752 
70 765 819 
33 217 283 
33 283 515 
217 346 561 
204 236 852 
33 217 346 
33 283 346 
283 346 515 
217 346 515 
33 346 515 
217 346 888 
150 204 906 
150 204 852 
150 236 906 
150 236 852 
150 204 236 
58 354 480 
58 354 752 
58 354 357 
27 58 354 
217 394 487 
392 461 569 
392 569 862 
392 801 862 
350 411 579 
350 411 842 
411 579 842 
392 461 801 
461 569 862 
392 461 862 
461 801 862 
357 480 752 
354 480 752 
27 480 752 
58 480 752 
217 487 510 
394 487 510 
571 623 853 
346 561 888 
217 561 888 
516 523 733 
516 523 998 
470 534 995 
661 720 780 
569 801 862 
392 569 801 
461 569 801 
354 583 617 
158 583 617 
70 684 819 
529 598 782 
571 623 795 
516 733 998 
523 733 998 
310 709 970 
571 795 853 
623 795 853 
236 852 906 
204 852 906 
150 852 906 
L4 37:
516 523 733 998 
571 623 795 853 
461 569 801 862 
392 461 801 862 
392 569 801 862 
392 461 569 801 
392 461 569 862 
58 354 480 752 
150 236 852 906 
150 204 852 906 
150 204 236 852 
217 346 561 888 
33 283 346 515 
27 58 480 752 
27 58 354 357 
354 357 480 752 
58 354 357 752 
158 354 583 617 
71 336 354 989 
27 58 354 752 
27 58 357 752 
27 354 357 752 
217 394 487 510 
27 357 480 752 
27 58 354 480 
27 354 480 752 
27 354 357 480 
350 411 579 842 
58 354 357 480 
58 357 480 752 
27 58 357 480 
150 204 236 906 
204 236 852 906 
33 217 283 346 
33 217 346 515 
217 283 346 515 
33 217 283 515 
L5 9:
27 354 357 480 752 
27 58 354 357 480 
27 58 354 357 752 
27 58 357 480 752 
33 217 283 346 515 
150 204 236 852 906 
58 354 357 480 752 
27 58 354 480 752 
392 461 569 801 862 
L6 1:
27 58 354 357 480 752 
