L1 375:
1 
4 
5 
6 
8 
10 
12 
17 
21 
25 
27 
28 
31 
32 
33 
35 
37 
38 
39 
41 
43 
45 
48 
51 
52 
54 
55 
57 
58 
68 
69 
70 
71 
72 
73 
75 
78 
85 
90 
93 
94 
97 
100 
104 
105 
110 
111 
112 
115 
116 
120 
122 
125 
126 
129 
130 
132 
140 
143 
145 
147 
151 
154 
157 
161 
162 
163 
168 
170 
171 
173 
175 
177 
181 
183 
185 
192 
196 
197 
198 
201 
204 
205 
207 
208 
210 
214 
217 
227 
229 
234 
236 
239 
240 
242 
258 
259 
265 
266 
274 
275 
276 
279 
280 
283 
285 
290 
294 
296 
308 
309 
310 
319 
322 
325 
326 
332 
334 
335 
336 
343 
346 
348 
349 
350 
351 
354 
357 
361 
362 
366 
368 
373 
377 
378 
381 
385 
387 
390 
392 
394 
401 
403 
405 
411 
413 
414 
419 
422 
423 
424 
427 
428 
429 
438 
440 
448 
449 
450 
458 
460 
461 
468 
469 
470 
471 
472 
477 
480 
486 
487 
489 
490 
494 
496 
500 
504 
509 
510 
511 
513 
515 
516 
517 
521 
522 
523 
526 
527 
529 
530 
534 
538 
540 
541 
546 
548 
550 
554 
561 
563 
567 
569 
571 
572 
573 
574 
576 
577 
578 
579 
580 
581 
583 
591 
593 
594 
597 
598 
600 
605 
606 
611 
614 
617 
618 
620 
623 
628 
630 
631 
632 
634 
638 
639 
641 
649 
651 
653 
658 
661 
663 
665 
673 
674 
675 
676 
678 
682 
684 
686 
687 
688 
692 
694 
701 
704 
706 
707 
708 
710 
716 
718 
720 
722 
733 
735 
736 
738 
740 
744 
746 
749 
752 
758 
763 
765 
766 
769 
774 
775 
778 
780 
782 
784 
788 
789 
790 
792 
793 
795 
797 
798 
800 
803 
804 
805 
809 
810 
812 
814 
815 
819 
820 
823 
825 
826 
829 
832 
834 
841 
843 
844 
846 
853 
854 
857 
859 
860 
862 
867 
871 
874 
878 
883 
884 
885 
886 
887 
888 
890 
893 
895 
897 
899 
900 
906 
910 
912 
913 
914 
918 
919 
921 
923 
928 
932 
935 
937 
941 
944 
946 
947 
948 
949 
950 
952 
956 
960 
963 
964 
966 
967 
970 
975 
978 
981 
982 
984 
988 
989 
991 
992 
995 
998 
L2 9:
39 704 
39 825 
217 346 
227 390 
368 682 
368 829 
390 722 
704 825 
789 829 
L3 1:
39 704 825 
