L1 585:
0 
1 
2 
4 
5 
6 
7 
8 
10 
11 
12 
17 
18 
21 
25 
26 
27 
28 
31 
32 
33 
35 
36 
37 
38 
39 
41 
43 
45 
46 
48 
51 
52 
54 
55 
57 
58 
66 
68 
69 
70 
71 
72 
73 
75 
78 
80 
82 
85 
89 
90 
93 
94 
95 
96 
97 
98 
100 
101 
104 
105 
108 
110 
111 
112 
113 
114 
115 
116 
117 
118 
120 
122 
125 
126 
127 
129 
130 
131 
132 
136 
138 
139 
140 
141 
143 
145 
147 
150 
151 
153 
154 
155 
157 
158 
159 
160 
161 
162 
164 
167 
168 
170 
171 
172 
173 
174 
175 
176 
177 
178 
181 
183 
185 
186 
187 
188 
192 
193 
194 
196 
197 
198 
201 
203 
204 
205 
206 
207 
208 
210 
213 
214 
215 
216 
217 
220 
224 
227 
229 
234 
236 
239 
240 
241 
242 
249 
252 
256 
258 
259 
262 
263 
265 
266 
270 
272 
274 
275 
276 
277 
278 
279 
280 
281 
283 
285 
289 
290 
294 
295 
296 
298 
299 
300 
304 
307 
308 
309 
310 
315 
318 
319 
320 
322 
325 
326 
327 
329 
332 
333 
334 
335 
336 
339 
343 
345 
346 
347 
348 
349 
350 
351 
352 
354 
355 
357 
361 
362 
364 
366 
368 
373 
375 
376 
377 
378 
379 
381 
383 
385 
387 
388 
390 
392 
394 
395 
400 
401 
403 
405 
406 
407 
408 
411 
412 
413 
414 
415 
417 
419 
421 
422 
423 
424 
427 
428 
429 
430 
432 
435 
436 
437 
438 
440 
443 
447 
448 
449 
450 
455 
456 
458 
459 
460 
461 
464 
467 
468 
469 
470 
471 
472 
474 
475 
477 
478 
480 
481 
482 
484 
486 
487 
489 
490 
492 
494 
496 
498 
499 
500 
504 
505 
509 
510 
511 
512 
513 
515 
516 
517 
518 
521 
522 
523 
524 
525 
526 
527 
529 
530 
531 
533 
534 
537 
538 
539 
540 
541 
546 
548 
550 
554 
558 
561 
563 
567 
568 
569 
571 
572 
573 
574 
576 
577 
578 
579 
580 
581 
583 
585 
590 
591 
593 
594 
595 
597 
598 
600 
605 
606 
608 
611 
613 
614 
617 
618 
620 
622 
623 
626 
628 
629 
630 
631 
632 
634 
638 
639 
641 
642 
644 
647 
648 
649 
651 
653 
657 
658 
659 
660 
661 
663 
665 
671 
672 
673 
674 
675 
676 
678 
682 
684 
685 
686 
687 
688 
689 
690 
692 
694 
699 
701 
703 
704 
705 
706 
707 
708 
709 
710 
711 
712 
716 
718 
719 
720 
721 
722 
723 
730 
731 
732 
733 
735 
736 
738 
740 
742 
744 
745 
746 
749 
750 
752 
758 
759 
760 
762 
763 
764 
765 
766 
769 
774 
775 
777 
778 
780 
782 
783 
784 
785 
788 
789 
790 
792 
793 
795 
797 
798 
800 
801 
803 
804 
805 
809 
810 
811 
812 
813 
814 
815 
819 
820 
823 
825 
826 
829 
830 
831 
832 
834 
835 
837 
838 
839 
841 
842 
843 
844 
845 
846 
849 
851 
852 
853 
854 
855 
857 
858 
859 
860 
862 
865 
867 
868 
871 
874 
876 
878 
879 
883 
884 
885 
886 
887 
888 
890 
893 
895 
897 
899 
900 
903 
904 
905 
906 
909 
910 
911 
912 
913 
914 
918 
919 
920 
921 
922 
923 
925 
926 
928 
932 
934 
935 
937 
938 
940 
941 
942 
943 
944 
945 
946 
947 
948 
949 
950 
952 
953 
956 
958 
960 
963 
964 
966 
967 
969 
970 
972 
973 
975 
978 
980 
981 
982 
983 
984 
988 
989 
991 
992 
995 
998 
L2 79:
27 58 
27 354 
27 357 
27 752 
33 217 
33 283 
33 346 
33 515 
39 825 
58 354 
58 357 
58 480 
58 752 
70 684 
70 819 
71 283 
71 766 
75 438 
75 684 
158 583 
158 617 
177 310 
217 283 
217 346 
217 394 
217 487 
217 515 
217 661 
283 346 
283 515 
310 709 
310 970 
346 515 
346 561 
346 888 
348 912 
354 357 
354 480 
354 583 
354 752 
357 480 
357 752 
368 438 
368 529 
368 829 
368 937 
392 801 
392 862 
438 684 
460 684 
461 569 
461 801 
461 862 
470 534 
470 995 
480 752 
487 510 
509 569 
516 744 
517 883 
529 598 
529 782 
534 995 
538 878 
561 888 
569 801 
569 862 
571 623 
571 795 
571 853 
583 617 
598 782 
623 853 
661 720 
661 780 
720 780 
788 956 
789 829 
801 862 
L3 34:
27 58 354 
27 58 357 
27 58 752 
27 354 357 
27 354 752 
27 357 752 
33 217 283 
33 217 346 
33 217 515 
33 283 346 
33 283 515 
33 346 515 
58 354 357 
58 354 480 
58 354 752 
58 357 752 
58 480 752 
75 438 684 
158 583 617 
217 283 346 
217 283 515 
217 346 515 
283 346 515 
346 561 888 
354 357 752 
354 480 752 
392 801 862 
461 569 801 
461 569 862 
461 801 862 
470 534 995 
529 598 782 
569 801 862 
571 623 853 
L4 12:
27 58 354 357 
27 58 354 752 
27 58 357 752 
27 354 357 752 
33 217 283 346 
33 217 283 515 
33 217 346 515 
33 283 346 515 
58 354 357 752 
58 354 480 752 
217 283 346 515 
461 569 801 862 
L5 2:
27 58 354 357 752 
33 217 283 346 515 
