L1 520:
1 
2 
4 
5 
6 
7 
8 
10 
12 
17 
18 
21 
25 
26 
27 
28 
31 
32 
33 
35 
37 
38 
39 
41 
43 
44 
45 
48 
51 
52 
54 
55 
57 
58 
66 
68 
69 
70 
71 
72 
73 
75 
78 
80 
82 
85 
90 
93 
94 
95 
96 
97 
100 
104 
105 
108 
110 
111 
112 
114 
115 
116 
117 
118 
120 
122 
125 
126 
129 
130 
132 
136 
139 
140 
143 
145 
147 
151 
154 
155 
156 
157 
158 
160 
161 
162 
163 
164 
168 
170 
171 
172 
173 
175 
176 
177 
178 
181 
183 
185 
187 
188 
192 
193 
196 
197 
198 
201 
203 
204 
205 
207 
208 
210 
212 
214 
215 
217 
224 
227 
229 
234 
236 
239 
240 
241 
242 
249 
252 
256 
258 
259 
263 
265 
266 
268 
272 
274 
275 
276 
277 
278 
279 
280 
283 
285 
290 
294 
295 
296 
298 
304 
307 
308 
309 
310 
314 
318 
319 
320 
321 
322 
325 
326 
327 
328 
329 
332 
334 
335 
336 
339 
343 
345 
346 
347 
348 
349 
350 
351 
352 
354 
355 
357 
361 
362 
364 
366 
368 
373 
377 
378 
381 
383 
385 
387 
388 
390 
392 
394 
395 
401 
403 
405 
406 
409 
411 
413 
414 
415 
417 
419 
422 
423 
424 
427 
428 
429 
432 
438 
440 
447 
448 
449 
450 
456 
458 
460 
461 
464 
467 
468 
469 
470 
471 
472 
474 
475 
477 
480 
481 
484 
486 
487 
489 
490 
492 
494 
496 
499 
500 
504 
505 
507 
509 
510 
511 
512 
513 
515 
516 
517 
518 
521 
522 
523 
525 
526 
527 
529 
530 
533 
534 
538 
540 
541 
544 
546 
548 
550 
554 
558 
561 
563 
567 
568 
569 
571 
572 
573 
574 
576 
577 
578 
579 
580 
581 
583 
585 
590 
591 
593 
594 
595 
597 
598 
600 
605 
606 
608 
611 
614 
617 
618 
620 
622 
623 
624 
626 
628 
629 
630 
631 
632 
633 
634 
638 
639 
640 
641 
642 
645 
647 
648 
649 
651 
653 
658 
659 
661 
663 
665 
672 
673 
674 
675 
676 
678 
682 
684 
686 
687 
688 
689 
690 
692 
694 
701 
703 
704 
705 
706 
707 
708 
709 
710 
711 
712 
713 
716 
718 
719 
720 
722 
723 
732 
733 
735 
736 
738 
740 
742 
744 
745 
746 
749 
752 
758 
759 
760 
762 
763 
765 
766 
769 
771 
774 
775 
778 
780 
782 
784 
785 
788 
789 
790 
792 
793 
795 
797 
798 
800 
801 
803 
804 
805 
809 
810 
812 
814 
815 
819 
820 
823 
824 
825 
826 
829 
830 
831 
832 
833 
834 
835 
838 
839 
841 
842 
843 
844 
845 
846 
851 
852 
853 
854 
855 
857 
858 
859 
860 
862 
867 
871 
874 
878 
879 
883 
884 
885 
886 
887 
888 
890 
893 
895 
897 
899 
900 
903 
905 
906 
909 
910 
911 
912 
913 
914 
918 
919 
921 
922 
923 
925 
926 
928 
932 
935 
937 
938 
940 
941 
943 
944 
946 
947 
948 
949 
950 
952 
956 
960 
963 
964 
966 
967 
969 
970 
975 
978 
980 
981 
982 
984 
988 
989 
991 
992 
995 
998 
L2 200:
944 998 
923 947 
803 842 
795 853 
793 857 
788 956 
766 960 
394 510 
242 758 
350 842 
227 390 
217 947 
217 661 
217 394 
58 480 
214 354 
27 354 
208 290 
471 960 
192 935 
801 862 
27 357 
516 744 
75 684 
175 910 
480 752 
394 487 
571 853 
357 480 
620 793 
217 487 
120 793 
458 888 
884 937 
411 803 
158 617 
217 283 
789 829 
120 895 
33 515 
793 984 
75 438 
69 362 
145 419 
6 676 
661 923 
571 795 
39 704 
27 480 
90 793 
579 803 
765 819 
217 510 
33 283 
33 217 
470 995 
39 145 
296 368 
90 620 
242 471 
354 583 
534 995 
448 887 
75 775 
158 583 
208 458 
438 684 
12 722 
704 825 
368 494 
368 692 
529 829 
208 969 
21 857 
6 472 
413 857 
90 309 
496 626 
572 579 
33 346 
120 510 
12 132 
158 354 
392 489 
606 975 
438 966 
58 752 
27 58 
27 752 
494 944 
58 357 
217 515 
411 572 
130 274 
71 766 
70 684 
70 765 
71 354 
72 937 
58 354 
368 529 
39 825 
32 947 
217 346 
183 366 
72 541 
335 937 
39 419 
888 969 
12 390 
283 346 
350 579 
350 572 
290 458 
290 969 
296 829 
413 793 
572 803 
208 888 
177 947 
571 623 
561 888 
335 509 
12 227 
390 722 
346 561 
346 888 
349 634 
350 411 
283 515 
350 803 
458 969 
354 357 
354 480 
354 617 
354 722 
354 752 
354 956 
357 752 
368 460 
368 682 
368 937 
708 883 
21 793 
368 829 
21 413 
392 801 
392 862 
579 842 
401 571 
411 579 
290 888 
419 797 
411 842 
529 782 
450 937 
448 538 
461 801 
461 862 
470 534 
470 793 
471 678 
471 758 
471 871 
217 923 
487 510 
57 937 
494 541 
494 682 
494 862 
494 883 
623 853 
510 620 
510 793 
516 523 
523 733 
523 998 
385 684 
529 598 
538 878 
720 780 
675 701 
509 937 
572 842 
581 966 
54 998 
684 819 
598 782 
227 722 
684 765 
54 944 
546 661 
617 885 
346 515 
623 795 
661 947 
460 684 
675 886 
70 819 
583 617 
L3 76:
529 598 782 
411 579 842 
346 561 888 
21 413 793 
290 458 969 
350 411 579 
283 346 515 
290 888 969 
70 684 819 
70 684 765 
411 572 842 
350 411 572 
217 346 515 
58 354 752 
58 357 752 
27 58 752 
572 579 842 
411 572 579 
21 413 857 
208 888 969 
12 227 722 
12 390 722 
208 458 969 
354 583 617 
158 354 583 
470 534 995 
33 217 346 
33 283 346 
684 765 819 
70 765 819 
350 579 803 
572 579 803 
39 704 825 
571 623 795 
33 346 515 
33 217 515 
33 283 515 
217 283 346 
217 283 515 
33 217 283 
158 354 617 
158 583 617 
350 411 803 
411 572 803 
411 579 803 
290 458 888 
458 888 969 
208 458 888 
571 623 853 
354 480 752 
27 480 752 
357 480 752 
75 438 684 
392 801 862 
208 290 888 
208 290 969 
208 290 458 
27 58 354 
27 354 480 
58 354 480 
27 58 480 
58 357 480 
58 480 752 
217 394 487 
227 390 722 
12 227 390 
350 411 842 
350 579 842 
242 471 758 
413 793 857 
21 793 857 
623 795 853 
571 795 853 
579 803 842 
411 803 842 
54 944 998 
L4 17:
208 290 458 888 
33 217 283 515 
571 623 795 853 
33 217 283 346 
158 354 583 617 
12 227 390 722 
208 458 888 969 
58 354 480 752 
33 217 346 515 
70 684 765 819 
208 290 888 969 
33 283 346 515 
217 283 346 515 
208 290 458 969 
290 458 888 969 
21 413 793 857 
411 579 803 842 
L5 1:
33 217 283 346 515 
