L1 516:
1 
2 
4 
5 
6 
7 
8 
10 
12 
17 
18 
21 
25 
27 
28 
31 
32 
33 
35 
37 
38 
39 
41 
43 
44 
45 
48 
51 
52 
54 
55 
57 
58 
66 
68 
69 
70 
71 
72 
73 
75 
78 
80 
82 
85 
90 
93 
94 
95 
96 
97 
100 
104 
105 
108 
110 
111 
112 
114 
115 
116 
117 
118 
120 
122 
125 
126 
129 
130 
132 
136 
139 
140 
143 
145 
147 
151 
154 
155 
157 
158 
160 
161 
162 
163 
164 
167 
168 
170 
171 
172 
173 
175 
177 
178 
181 
183 
185 
187 
188 
192 
193 
196 
197 
198 
201 
203 
204 
205 
207 
208 
210 
212 
214 
215 
217 
220 
224 
226 
227 
229 
234 
236 
239 
240 
241 
242 
249 
252 
256 
258 
259 
262 
263 
265 
266 
268 
272 
274 
275 
276 
277 
278 
279 
280 
283 
285 
290 
294 
295 
296 
298 
304 
307 
308 
309 
310 
314 
318 
319 
321 
322 
325 
326 
327 
328 
329 
332 
334 
335 
336 
339 
343 
345 
346 
347 
348 
349 
350 
351 
352 
354 
355 
357 
361 
362 
366 
368 
373 
377 
378 
381 
383 
385 
387 
388 
390 
392 
394 
395 
401 
403 
405 
406 
407 
408 
409 
411 
413 
414 
415 
417 
419 
421 
422 
423 
424 
427 
428 
429 
432 
438 
440 
447 
448 
449 
450 
456 
458 
460 
461 
464 
467 
468 
469 
470 
471 
472 
474 
475 
477 
480 
481 
484 
486 
487 
489 
490 
492 
494 
496 
499 
500 
504 
505 
507 
509 
510 
511 
512 
513 
515 
516 
517 
518 
521 
522 
523 
525 
526 
527 
529 
530 
533 
534 
538 
540 
541 
544 
546 
548 
550 
554 
558 
561 
563 
565 
567 
568 
569 
571 
572 
573 
574 
576 
577 
578 
579 
580 
581 
583 
585 
590 
591 
593 
594 
595 
597 
598 
600 
605 
606 
608 
611 
614 
617 
618 
620 
622 
623 
624 
626 
628 
629 
630 
631 
632 
633 
634 
638 
639 
640 
641 
642 
648 
649 
651 
653 
658 
659 
660 
661 
663 
665 
672 
673 
674 
675 
676 
678 
682 
684 
686 
687 
688 
689 
690 
692 
694 
701 
704 
705 
706 
707 
708 
709 
710 
711 
712 
713 
716 
718 
719 
720 
722 
723 
730 
732 
733 
735 
736 
738 
740 
742 
744 
745 
746 
749 
752 
758 
759 
760 
762 
763 
765 
766 
769 
774 
775 
778 
780 
782 
784 
785 
788 
789 
790 
792 
793 
794 
795 
797 
798 
800 
801 
803 
804 
805 
809 
810 
812 
814 
815 
819 
820 
823 
825 
826 
829 
830 
831 
832 
833 
834 
835 
837 
838 
839 
841 
842 
843 
844 
846 
853 
854 
855 
857 
858 
859 
860 
862 
867 
871 
874 
878 
879 
883 
884 
885 
886 
887 
888 
890 
893 
895 
897 
899 
900 
903 
905 
906 
910 
912 
913 
914 
918 
919 
921 
922 
923 
925 
926 
928 
932 
935 
937 
938 
941 
943 
944 
946 
947 
948 
949 
950 
952 
956 
960 
963 
964 
966 
967 
969 
970 
975 
978 
980 
981 
982 
984 
988 
989 
991 
992 
995 
998 
L2 192:
944 998 
923 947 
883 978 
862 944 
815 944 
815 862 
803 842 
795 853 
793 857 
788 956 
494 963 
242 758 
75 684 
350 842 
227 390 
217 947 
217 661 
214 354 
208 290 
471 960 
766 960 
192 935 
801 862 
185 471 
516 744 
175 910 
105 944 
571 853 
438 684 
158 583 
494 815 
458 888 
789 829 
411 803 
217 283 
120 895 
33 515 
793 984 
579 803 
75 438 
69 362 
145 419 
6 676 
571 795 
39 704 
105 862 
158 617 
32 285 
33 283 
33 217 
470 995 
32 472 
242 471 
534 995 
448 887 
21 57 
296 368 
75 775 
541 631 
12 722 
704 825 
368 494 
368 692 
354 583 
21 857 
38 362 
661 923 
39 145 
208 969 
6 472 
413 857 
120 593 
496 626 
572 579 
33 346 
12 132 
54 944 
17 956 
158 354 
392 489 
606 975 
185 960 
21 205 
494 944 
208 458 
217 515 
411 572 
71 766 
70 684 
70 765 
120 862 
72 937 
368 529 
39 825 
623 795 
32 947 
105 494 
217 346 
185 678 
183 366 
72 541 
105 815 
888 969 
12 390 
58 354 
283 346 
350 572 
285 947 
290 458 
290 969 
296 829 
765 819 
413 793 
350 579 
572 803 
208 888 
177 947 
571 623 
546 923 
561 888 
335 509 
12 227 
346 561 
346 888 
350 411 
283 515 
350 803 
6 32 
458 969 
354 617 
471 663 
368 682 
368 937 
708 883 
17 541 
21 793 
368 829 
21 413 
494 631 
392 801 
392 862 
579 842 
401 571 
401 758 
438 966 
411 579 
290 888 
419 797 
862 895 
411 842 
529 782 
448 538 
460 684 
470 534 
471 678 
471 758 
471 871 
217 923 
487 510 
57 937 
509 937 
494 541 
494 682 
494 862 
494 883 
623 853 
522 617 
385 684 
529 598 
538 878 
546 947 
663 871 
581 966 
54 998 
684 819 
593 862 
183 766 
598 782 
227 722 
684 765 
546 661 
617 885 
346 515 
593 895 
661 947 
678 960 
675 886 
684 766 
70 819 
583 617 
746 966 
390 722 
L3 48:
529 598 782 
346 561 888 
21 413 793 
684 765 819 
290 458 969 
283 346 515 
290 888 969 
70 765 819 
70 684 819 
70 684 765 
217 346 515 
185 678 960 
208 888 969 
208 458 969 
21 413 857 
12 227 722 
12 390 722 
470 534 995 
33 217 346 
33 283 346 
32 285 947 
39 704 825 
571 623 795 
33 346 515 
33 217 515 
33 283 515 
217 283 346 
217 283 515 
33 217 283 
290 458 888 
458 888 969 
208 458 888 
571 623 853 
185 471 678 
392 801 862 
471 678 960 
185 471 960 
208 290 888 
208 290 458 
208 290 969 
227 390 722 
12 227 390 
75 438 684 
242 471 758 
413 793 857 
21 793 857 
623 795 853 
571 795 853 
L4 14:
208 290 458 888 
33 217 283 515 
571 623 795 853 
33 217 283 346 
208 458 888 969 
185 471 678 960 
33 217 346 515 
208 290 888 969 
33 283 346 515 
217 283 346 515 
208 290 458 969 
290 458 888 969 
70 684 765 819 
21 413 793 857 
L5 2:
33 217 283 346 515 
208 290 458 888 969 
