L1 378:
1 
5 
6 
8 
10 
12 
17 
21 
25 
27 
28 
31 
32 
33 
35 
37 
38 
39 
43 
45 
48 
52 
54 
55 
57 
58 
68 
69 
70 
71 
72 
73 
75 
78 
90 
93 
94 
95 
97 
100 
104 
108 
110 
111 
112 
115 
116 
117 
118 
120 
122 
125 
126 
129 
130 
132 
136 
140 
143 
145 
147 
151 
154 
158 
160 
161 
162 
164 
168 
170 
171 
172 
173 
175 
177 
181 
183 
192 
193 
196 
197 
198 
201 
204 
205 
207 
210 
214 
215 
217 
227 
229 
234 
236 
239 
240 
241 
242 
252 
256 
258 
259 
265 
266 
272 
274 
275 
276 
277 
279 
280 
283 
285 
290 
294 
296 
308 
309 
310 
318 
319 
322 
326 
329 
334 
336 
343 
346 
348 
349 
350 
351 
352 
354 
355 
357 
361 
362 
368 
373 
378 
381 
385 
387 
390 
392 
394 
395 
401 
403 
405 
406 
411 
413 
415 
419 
422 
423 
424 
427 
428 
429 
438 
440 
448 
449 
450 
460 
461 
464 
468 
469 
470 
471 
472 
477 
480 
484 
486 
487 
489 
490 
494 
496 
500 
504 
509 
510 
515 
516 
517 
521 
522 
523 
526 
527 
529 
530 
534 
538 
541 
546 
548 
550 
561 
563 
567 
569 
571 
572 
573 
577 
579 
580 
581 
583 
591 
593 
594 
595 
597 
598 
600 
605 
606 
611 
614 
617 
618 
620 
623 
628 
631 
634 
638 
639 
641 
649 
651 
653 
658 
661 
665 
673 
674 
675 
676 
682 
684 
686 
687 
692 
694 
701 
704 
706 
707 
708 
709 
710 
711 
720 
722 
731 
732 
733 
735 
736 
738 
740 
742 
744 
746 
752 
758 
763 
765 
766 
769 
774 
775 
778 
780 
782 
784 
788 
789 
790 
792 
793 
795 
797 
798 
800 
801 
803 
804 
805 
809 
810 
812 
814 
815 
819 
820 
825 
826 
829 
830 
832 
834 
838 
839 
841 
842 
843 
844 
846 
852 
853 
854 
857 
860 
862 
867 
871 
874 
878 
883 
884 
885 
886 
887 
888 
890 
893 
895 
897 
899 
903 
906 
910 
912 
913 
914 
918 
919 
921 
922 
923 
932 
935 
937 
944 
946 
947 
948 
949 
950 
952 
956 
960 
963 
964 
966 
967 
970 
975 
978 
981 
982 
983 
984 
988 
989 
991 
995 
998 
L2 79:
801 862 
789 829 
788 956 
720 780 
217 346 
438 684 
217 661 
538 878 
346 515 
561 888 
217 515 
58 480 
27 357 
27 354 
368 937 
480 752 
346 561 
33 283 
217 394 
368 829 
217 283 
75 438 
33 515 
661 720 
571 853 
58 752 
583 617 
158 617 
598 782 
71 283 
392 801 
354 583 
27 752 
158 583 
487 510 
58 354 
58 357 
534 995 
70 684 
571 795 
71 766 
529 598 
27 58 
33 346 
354 357 
75 684 
283 515 
392 862 
569 801 
177 310 
460 684 
283 346 
310 970 
571 623 
70 819 
346 888 
348 912 
461 862 
354 480 
354 752 
33 217 
357 480 
357 752 
368 438 
368 529 
461 569 
461 801 
470 534 
470 995 
516 744 
509 569 
517 883 
529 782 
217 487 
39 825 
569 862 
310 709 
623 853 
661 780 
L3 34:
461 569 862 
461 569 801 
354 357 752 
470 534 995 
58 354 357 
529 598 782 
158 583 617 
58 357 752 
58 354 752 
27 58 752 
571 623 853 
33 283 346 
33 283 515 
33 217 283 
354 480 752 
27 58 354 
27 354 752 
27 58 357 
27 357 752 
27 354 357 
58 354 480 
58 480 752 
33 217 515 
217 283 515 
346 561 888 
283 346 515 
33 346 515 
75 438 684 
33 217 346 
217 283 346 
217 346 515 
461 801 862 
569 801 862 
392 801 862 
L4 12:
217 283 346 515 
33 217 346 515 
33 217 283 515 
33 217 283 346 
33 283 346 515 
58 354 480 752 
27 58 354 752 
27 58 357 752 
27 58 354 357 
27 354 357 752 
58 354 357 752 
461 569 801 862 
L5 2:
27 58 354 357 752 
33 217 283 346 515 
