L1 443:
1 
4 
5 
6 
7 
8 
10 
12 
17 
18 
21 
25 
27 
28 
31 
32 
33 
35 
37 
38 
39 
41 
43 
44 
45 
48 
51 
52 
54 
55 
57 
58 
66 
68 
69 
70 
71 
72 
73 
75 
78 
80 
85 
90 
93 
94 
95 
96 
97 
100 
104 
105 
108 
110 
111 
112 
114 
115 
116 
118 
120 
122 
125 
126 
129 
130 
132 
140 
143 
145 
147 
151 
154 
157 
158 
160 
161 
162 
163 
168 
170 
171 
173 
175 
177 
181 
183 
185 
192 
193 
196 
197 
198 
201 
203 
204 
205 
207 
208 
210 
214 
217 
224 
227 
229 
234 
236 
239 
240 
242 
258 
259 
265 
266 
268 
274 
275 
276 
277 
279 
280 
283 
285 
290 
294 
296 
304 
308 
309 
310 
314 
318 
319 
322 
325 
326 
329 
332 
334 
335 
336 
343 
345 
346 
347 
348 
349 
350 
351 
352 
354 
355 
357 
361 
362 
366 
368 
373 
377 
378 
381 
385 
387 
388 
390 
392 
394 
395 
401 
403 
405 
411 
413 
414 
415 
417 
419 
422 
423 
424 
427 
428 
429 
432 
438 
440 
447 
448 
449 
450 
456 
458 
460 
461 
464 
468 
469 
470 
471 
472 
474 
477 
480 
481 
484 
486 
487 
489 
490 
494 
496 
500 
504 
507 
509 
510 
511 
513 
515 
516 
517 
521 
522 
523 
526 
527 
529 
530 
534 
538 
540 
541 
546 
548 
550 
554 
558 
561 
563 
567 
568 
569 
571 
572 
573 
574 
576 
577 
578 
579 
580 
581 
583 
585 
590 
591 
593 
594 
597 
598 
600 
605 
606 
608 
611 
614 
617 
618 
620 
622 
623 
624 
626 
628 
629 
630 
631 
632 
634 
638 
639 
640 
641 
642 
649 
651 
653 
658 
659 
661 
663 
665 
673 
674 
675 
676 
678 
682 
684 
686 
687 
688 
689 
692 
694 
701 
704 
705 
706 
707 
708 
710 
712 
716 
718 
720 
722 
723 
733 
735 
736 
738 
740 
742 
744 
745 
746 
749 
752 
758 
763 
765 
766 
769 
774 
775 
778 
780 
782 
784 
785 
788 
789 
790 
792 
793 
795 
797 
798 
800 
801 
803 
804 
805 
809 
810 
812 
814 
815 
819 
820 
823 
825 
826 
829 
830 
831 
832 
834 
838 
839 
841 
843 
844 
846 
853 
854 
855 
857 
858 
859 
860 
862 
867 
871 
874 
878 
879 
883 
884 
885 
886 
887 
888 
890 
893 
895 
897 
899 
900 
906 
910 
912 
913 
914 
918 
919 
921 
922 
923 
928 
932 
935 
937 
941 
943 
944 
946 
947 
948 
949 
950 
952 
956 
960 
963 
964 
966 
967 
969 
970 
975 
978 
980 
981 
982 
984 
988 
989 
991 
992 
995 
998 
L2 44:
795 853 
675 886 
623 795 
684 765 
598 782 
684 819 
529 598 
471 678 
529 782 
789 829 
346 515 
72 541 
33 346 
217 346 
33 283 
411 803 
39 704 
208 969 
888 969 
923 947 
70 684 
704 825 
39 825 
571 795 
227 722 
368 829 
438 684 
471 960 
208 290 
208 888 
33 515 
217 515 
217 283 
227 390 
283 515 
392 862 
283 346 
290 888 
368 692 
392 489 
33 217 
390 722 
368 494 
368 682 
L3 7:
227 390 722 
39 704 825 
217 283 346 
33 283 346 
33 217 346 
283 346 515 
217 346 515 
