L1 537:
0 
1 
2 
4 
5 
6 
7 
8 
10 
11 
12 
17 
18 
21 
25 
26 
27 
28 
31 
32 
33 
35 
36 
37 
38 
39 
41 
43 
45 
48 
51 
52 
54 
55 
57 
58 
66 
68 
69 
70 
71 
72 
73 
75 
78 
82 
85 
90 
93 
94 
95 
96 
97 
98 
100 
101 
104 
105 
108 
110 
111 
112 
114 
115 
116 
117 
118 
120 
122 
125 
126 
127 
129 
130 
132 
136 
139 
140 
141 
143 
145 
147 
150 
151 
154 
155 
157 
158 
159 
160 
161 
162 
164 
168 
170 
171 
172 
173 
175 
176 
177 
181 
183 
185 
187 
188 
192 
193 
196 
197 
198 
201 
203 
204 
205 
206 
207 
208 
210 
213 
214 
215 
216 
217 
220 
224 
227 
229 
234 
236 
239 
240 
241 
242 
249 
252 
256 
258 
259 
263 
265 
266 
272 
274 
275 
276 
277 
278 
279 
280 
281 
283 
285 
289 
290 
294 
295 
296 
298 
299 
300 
304 
307 
308 
309 
310 
315 
318 
319 
320 
322 
325 
326 
327 
329 
332 
333 
334 
335 
336 
339 
343 
346 
347 
348 
349 
350 
351 
352 
354 
355 
357 
361 
362 
364 
366 
368 
373 
375 
377 
378 
379 
381 
385 
387 
388 
390 
392 
394 
395 
400 
401 
403 
405 
406 
407 
408 
411 
413 
415 
417 
419 
422 
423 
424 
427 
428 
429 
430 
432 
438 
440 
447 
448 
449 
450 
455 
456 
458 
459 
460 
461 
464 
467 
468 
469 
470 
471 
472 
477 
478 
480 
481 
482 
484 
486 
487 
489 
490 
494 
496 
499 
500 
504 
505 
509 
510 
511 
512 
513 
515 
516 
517 
518 
521 
522 
523 
524 
525 
526 
527 
529 
530 
533 
534 
538 
539 
540 
541 
546 
548 
550 
554 
558 
561 
563 
567 
568 
569 
571 
572 
573 
574 
576 
577 
578 
579 
580 
581 
583 
585 
590 
591 
593 
594 
595 
597 
598 
600 
605 
606 
608 
611 
613 
614 
617 
618 
620 
622 
623 
626 
628 
629 
631 
632 
634 
638 
639 
641 
642 
647 
648 
649 
651 
653 
657 
658 
659 
660 
661 
663 
665 
672 
673 
674 
675 
676 
678 
682 
684 
686 
687 
688 
689 
690 
692 
694 
699 
701 
703 
704 
706 
707 
708 
709 
710 
711 
712 
716 
718 
719 
720 
721 
722 
723 
730 
731 
732 
733 
735 
736 
738 
740 
742 
744 
745 
746 
749 
752 
758 
759 
760 
762 
763 
765 
766 
769 
774 
775 
778 
780 
782 
783 
784 
788 
789 
790 
792 
793 
795 
797 
798 
800 
801 
803 
804 
805 
809 
810 
811 
812 
813 
814 
815 
819 
820 
823 
825 
826 
829 
830 
831 
832 
834 
837 
838 
839 
841 
842 
843 
844 
846 
849 
851 
852 
853 
854 
855 
857 
858 
859 
860 
862 
865 
867 
868 
871 
874 
878 
879 
883 
884 
885 
886 
887 
888 
890 
893 
895 
897 
899 
900 
903 
904 
905 
906 
910 
911 
912 
913 
914 
918 
919 
920 
921 
922 
923 
925 
926 
928 
932 
934 
935 
937 
940 
942 
943 
944 
945 
946 
947 
948 
949 
950 
952 
956 
958 
960 
963 
964 
966 
967 
970 
972 
975 
978 
980 
981 
982 
983 
984 
988 
989 
991 
992 
995 
998 
L2 555:
923 947 
921 932 
895 966 
893 982 
874 932 
862 906 
854 899 
854 895 
832 988 
826 906 
826 852 
815 944 
812 829 
803 842 
801 862 
798 826 
795 995 
795 853 
793 995 
790 885 
788 956 
780 887 
780 878 
766 960 
766 914 
735 780 
733 998 
731 885 
721 731 
720 780 
709 970 
778 862 
704 825 
704 722 
703 895 
684 829 
684 819 
684 778 
684 766 
852 906 
721 790 
674 895 
661 923 
661 780 
661 720 
236 852 
75 684 
120 368 
183 204 
350 842 
217 947 
217 661 
217 561 
217 394 
33 515 
236 240 
78 738 
658 682 
516 744 
58 480 
229 778 
27 354 
207 798 
39 704 
205 368 
204 906 
204 826 
538 634 
196 217 
11 995 
71 252 
217 346 
75 775 
100 362 
192 935 
440 647 
192 638 
145 885 
71 766 
116 653 
177 970 
177 653 
175 910 
368 470 
172 538 
172 464 
105 944 
27 517 
168 628 
168 272 
394 487 
240 956 
357 480 
883 982 
580 871 
419 665 
27 893 
154 722 
154 272 
27 440 
154 168 
151 988 
177 914 
217 577 
883 893 
455 752 
150 852 
147 657 
350 970 
38 71 
569 862 
39 368 
147 903 
789 829 
204 334 
204 852 
120 895 
132 638 
487 912 
93 538 
411 803 
580 988 
217 529 
126 878 
126 361 
657 903 
440 883 
120 885 
120 829 
120 638 
120 623 
120 350 
120 132 
140 217 
721 885 
150 906 
205 538 
631 752 
217 546 
112 275 
27 883 
217 487 
336 354 
43 440 
746 788 
39 970 
71 283 
39 832 
27 480 
283 721 
765 819 
48 126 
39 988 
912 978 
494 815 
75 368 
150 236 
158 617 
33 283 
33 217 
470 995 
707 867 
32 368 
32 217 
147 778 
516 523 
175 177 
571 795 
459 701 
354 583 
874 921 
145 593 
266 988 
31 125 
158 583 
804 983 
283 778 
132 885 
215 487 
69 362 
27 357 
120 766 
675 921 
217 510 
31 362 
438 966 
375 885 
494 517 
675 701 
39 871 
70 765 
145 795 
310 600 
470 810 
120 878 
71 937 
354 921 
704 884 
177 600 
75 355 
217 354 
6 472 
57 368 
12 120 
256 912 
12 350 
52 598 
75 438 
217 888 
569 801 
401 918 
296 368 
120 593 
27 752 
461 569 
229 657 
496 626 
572 579 
368 658 
116 673 
354 593 
196 674 
487 522 
71 438 
580 832 
368 438 
401 460 
336 989 
395 854 
793 984 
236 906 
204 703 
438 684 
12 638 
6 913 
120 538 
395 895 
70 623 
539 812 
731 790 
8 684 
33 346 
526 722 
93 932 
39 440 
336 921 
459 675 
6 415 
12 39 
12 132 
12 401 
158 354 
675 886 
12 782 
39 419 
58 752 
68 449 
561 919 
27 58 
385 790 
354 509 
57 658 
392 489 
579 803 
809 829 
659 810 
48 361 
440 517 
375 790 
832 871 
464 538 
27 982 
38 283 
78 177 
177 775 
217 805 
12 885 
58 357 
39 470 
516 733 
217 515 
468 960 
440 893 
411 572 
227 390 
349 464 
236 956 
70 684 
385 885 
71 336 
71 354 
71 509 
71 526 
71 684 
150 826 
71 989 
780 935 
154 628 
440 482 
120 862 
494 944 
486 684 
368 676 
516 998 
368 829 
150 204 
368 529 
78 634 
517 722 
177 572 
509 921 
71 593 
39 825 
571 853 
8 71 
486 766 
778 903 
438 738 
914 919 
105 494 
93 874 
878 887 
722 774 
94 926 
522 937 
631 735 
392 862 
448 887 
72 541 
48 878 
105 815 
229 903 
378 487 
362 752 
39 350 
242 684 
252 283 
177 709 
252 913 
568 878 
256 378 
256 510 
256 978 
871 988 
204 236 
283 526 
272 628 
256 487 
21 57 
279 826 
375 721 
276 413 
276 468 
276 960 
362 438 
58 354 
279 428 
283 346 
283 375 
283 385 
70 819 
283 731 
283 790 
348 912 
283 885 
413 956 
350 572 
93 921 
593 989 
517 647 
326 766 
362 918 
350 579 
571 623 
310 709 
310 970 
318 413 
318 788 
204 895 
318 956 
392 461 
177 310 
546 923 
326 526 
394 510 
329 417 
661 947 
329 692 
561 888 
440 982 
617 937 
177 692 
71 921 
12 227 
390 722 
336 509 
336 593 
346 561 
346 888 
120 354 
349 351 
349 634 
354 885 
147 229 
350 411 
283 515 
460 923 
350 803 
351 464 
351 634 
354 357 
354 480 
354 617 
354 722 
354 752 
368 653 
354 989 
355 438 
355 684 
357 752 
361 878 
579 581 
362 838 
419 722 
368 460 
368 538 
368 682 
368 684 
368 692 
368 795 
368 860 
368 914 
368 937 
375 731 
494 982 
236 826 
378 912 
378 978 
379 438 
32 516 
75 766 
385 460 
145 674 
151 266 
21 793 
33 883 
385 721 
385 731 
21 413 
494 631 
392 569 
392 801 
579 842 
470 659 
403 722 
583 617 
579 966 
411 579 
413 788 
440 494 
415 913 
362 563 
419 793 
419 797 
419 984 
684 765 
862 895 
419 844 
38 252 
411 842 
529 782 
346 515 
450 937 
448 538 
448 780 
449 895 
600 709 
460 684 
428 826 
460 944 
461 801 
461 862 
464 634 
470 534 
470 793 
378 510 
375 385 
334 895 
472 844 
509 593 
477 944 
217 283 
480 752 
217 923 
510 978 
39 580 
487 510 
487 978 
57 937 
921 989 
494 647 
494 883 
494 893 
623 853 
145 160 
120 546 
509 569 
509 989 
510 912 
720 766 
517 883 
517 893 
517 982 
529 594 
522 617 
523 733 
523 998 
32 744 
385 684 
529 598 
529 653 
534 995 
538 874 
538 878 
538 921 
538 932 
539 829 
546 947 
350 782 
509 937 
572 803 
572 842 
579 832 
580 795 
581 966 
775 862 
593 862 
593 921 
598 782 
227 722 
600 970 
605 780 
101 903 
546 661 
614 658 
617 885 
593 895 
623 795 
631 780 
71 617 
647 883 
647 893 
647 982 
657 778 
448 878 
L3 328:
487 510 978 
529 598 782 
411 579 842 
385 460 684 
378 510 978 
378 510 912 
375 385 731 
579 581 966 
354 480 752 
354 357 752 
351 464 634 
349 351 634 
336 509 593 
346 561 888 
546 661 947 
392 461 801 
318 413 788 
350 411 579 
517 647 982 
517 647 893 
517 647 883 
593 921 989 
509 593 989 
350 572 803 
318 413 956 
283 385 731 
283 375 731 
283 375 385 
283 346 515 
375 385 721 
279 428 826 
256 487 978 
256 487 510 
256 510 978 
256 378 978 
256 378 510 
177 310 709 
378 487 510 
378 487 978 
256 378 487 
392 461 862 
448 878 887 
571 623 853 
71 593 921 
509 921 989 
509 593 921 
71 921 989 
71 593 989 
71 509 593 
71 509 921 
71 509 989 
71 354 989 
71 336 593 
71 336 509 
283 385 885 
349 464 634 
349 351 464 
227 390 722 
411 572 842 
350 411 572 
440 494 893 
276 468 960 
217 283 515 
58 354 357 
38 252 283 
283 375 790 
440 517 982 
440 517 893 
48 361 878 
350 579 803 
354 509 989 
71 354 509 
283 385 790 
375 385 790 
58 354 752 
58 357 752 
336 593 921 
336 509 921 
71 336 921 
440 494 982 
283 731 790 
375 731 790 
385 731 790 
6 415 913 
355 438 684 
336 509 989 
336 593 989 
71 336 989 
336 921 989 
71 438 684 
354 593 989 
71 354 593 
354 509 593 
572 579 842 
350 572 579 
411 572 579 
572 579 803 
392 461 569 
27 58 752 
392 569 801 
461 569 801 
256 510 912 
256 378 912 
57 368 937 
75 355 438 
177 600 709 
354 921 989 
71 354 921 
354 509 921 
354 593 921 
120 538 878 
470 659 810 
310 600 970 
310 600 709 
177 310 600 
70 684 765 
494 517 893 
494 517 883 
494 517 982 
440 494 517 
283 375 885 
375 385 885 
27 58 357 
27 357 752 
538 874 921 
93 874 921 
354 583 617 
158 354 583 
459 675 701 
571 623 795 
516 523 998 
516 523 733 
470 534 995 
33 283 346 
33 217 283 
158 354 617 
158 583 617 
150 204 236 
150 236 826 
105 494 815 
510 912 978 
378 912 978 
256 912 978 
39 871 988 
70 765 819 
283 385 721 
283 375 721 
27 480 752 
39 580 832 
39 832 871 
71 336 354 
336 354 509 
336 354 989 
336 354 593 
336 354 921 
217 487 510 
217 546 923 
150 236 906 
385 721 885 
375 721 885 
283 721 885 
12 120 638 
440 494 883 
440 517 883 
48 126 361 
48 126 878 
126 361 878 
39 580 988 
350 411 803 
411 572 803 
411 579 803 
93 538 921 
93 538 874 
487 510 912 
378 487 912 
487 912 978 
392 569 862 
461 569 862 
38 71 283 
150 204 852 
647 883 893 
517 883 893 
494 883 893 
440 883 893 
151 266 988 
27 440 982 
27 440 883 
154 272 628 
27 883 893 
27 440 893 
580 832 871 
39 580 871 
580 871 988 
647 883 982 
517 883 982 
494 883 982 
27 883 982 
440 883 982 
357 480 752 
354 357 480 
27 357 480 
394 487 510 
154 168 272 
154 168 628 
168 272 628 
27 517 982 
27 517 883 
27 440 517 
27 517 893 
105 494 944 
172 464 538 
177 310 970 
177 600 970 
440 647 982 
440 647 893 
440 517 647 
440 647 883 
217 283 346 
217 346 515 
217 346 888 
33 217 346 
71 252 283 
38 71 252 
204 236 826 
150 204 826 
204 236 906 
150 204 906 
27 58 354 
27 354 752 
27 354 357 
27 354 480 
58 354 480 
58 480 752 
27 58 480 
58 357 480 
32 516 744 
368 658 682 
236 240 956 
33 346 515 
33 217 515 
33 283 515 
217 394 510 
217 394 487 
217 561 888 
217 346 561 
217 546 661 
217 546 947 
217 661 947 
350 411 842 
350 579 842 
350 572 842 
75 438 684 
75 355 684 
204 236 852 
150 236 852 
546 661 923 
217 661 923 
375 721 790 
385 721 790 
283 721 790 
150 852 906 
204 852 906 
256 487 912 
236 852 906 
70 684 819 
684 765 819 
204 703 895 
39 704 825 
600 709 970 
310 709 970 
177 709 970 
661 720 780 
385 721 731 
375 721 731 
283 721 731 
721 731 790 
283 731 885 
385 731 885 
375 731 885 
721 731 885 
523 733 998 
516 733 998 
631 735 780 
448 780 878 
448 780 887 
780 878 887 
318 788 956 
413 788 956 
283 790 885 
385 790 885 
375 790 885 
721 790 885 
731 790 885 
623 795 853 
571 795 853 
461 801 862 
392 801 862 
569 801 862 
572 803 842 
579 803 842 
411 803 842 
350 803 842 
539 812 829 
494 815 944 
105 815 944 
150 826 852 
204 826 852 
236 826 852 
236 826 906 
150 826 906 
204 826 906 
826 852 906 
832 871 988 
39 832 988 
580 832 988 
395 854 895 
538 874 932 
647 893 982 
517 893 982 
494 893 982 
440 893 982 
27 893 982 
883 893 982 
538 921 932 
874 921 932 
546 923 947 
217 923 947 
661 923 947 
L4 206:
721 731 790 885 
236 826 852 906 
204 826 852 906 
150 826 852 906 
217 661 923 947 
27 58 354 480 
204 236 852 906 
150 204 826 906 
204 236 826 852 
204 236 826 906 
33 217 346 515 
440 647 893 982 
27 517 893 982 
27 354 357 480 
27 517 883 982 
440 647 883 982 
580 832 871 988 
27 883 893 982 
154 168 272 628 
27 440 893 982 
27 440 883 982 
440 883 893 982 
27 440 883 893 
494 883 893 982 
517 883 893 982 
27 517 883 893 
647 883 893 982 
440 647 883 893 
150 204 852 906 
150 204 826 852 
350 411 803 842 
27 440 517 883 
283 721 731 885 
283 721 790 885 
375 721 731 885 
375 721 790 885 
385 721 731 885 
385 721 790 885 
150 236 852 906 
217 546 923 947 
217 546 661 923 
217 394 487 510 
39 580 832 988 
39 580 832 871 
39 580 871 988 
39 832 871 988 
105 494 815 944 
150 236 826 852 
150 236 826 906 
150 204 236 852 
150 204 236 906 
150 204 236 826 
33 217 283 346 
516 523 733 998 
158 354 583 617 
538 874 921 932 
93 538 874 921 
27 357 480 752 
27 58 357 480 
283 375 721 885 
440 494 517 883 
494 517 883 982 
494 517 893 982 
494 517 883 893 
70 684 765 819 
177 310 600 970 
310 600 709 970 
177 600 709 970 
461 569 801 862 
392 569 801 862 
27 58 480 752 
411 572 579 803 
572 579 803 842 
350 572 579 842 
336 354 921 989 
336 354 593 989 
75 355 438 684 
385 731 790 885 
385 721 731 790 
375 731 790 885 
375 721 731 790 
283 731 790 885 
283 721 731 790 
440 494 883 982 
71 336 354 921 
336 354 509 921 
336 354 593 921 
58 357 480 752 
27 58 357 752 
27 58 354 752 
375 385 790 885 
283 385 721 790 
336 354 509 989 
350 579 803 842 
48 126 361 878 
27 440 517 893 
440 517 883 893 
27 440 517 982 
440 517 883 982 
440 494 517 982 
440 517 893 982 
283 375 721 790 
283 375 790 885 
38 71 252 283 
58 354 357 480 
27 58 354 357 
33 217 283 515 
440 494 883 893 
440 494 893 982 
440 494 517 893 
411 572 803 842 
350 411 572 842 
283 385 721 885 
283 385 790 885 
71 336 354 509 
71 336 354 593 
71 336 354 989 
71 336 509 989 
71 354 509 989 
71 354 509 921 
71 336 509 921 
71 354 509 593 
71 336 593 989 
71 354 593 989 
71 336 921 989 
71 354 921 989 
354 509 593 921 
336 509 921 989 
354 509 921 989 
71 509 921 989 
71 354 593 921 
71 336 593 921 
71 509 593 921 
571 623 795 853 
448 780 878 887 
392 461 569 862 
256 378 487 912 
378 487 912 978 
177 310 709 970 
177 310 600 709 
256 378 912 978 
256 510 912 978 
256 487 510 912 
256 378 487 510 
256 487 912 978 
256 378 487 978 
375 385 721 885 
375 385 721 790 
33 283 346 515 
217 283 346 515 
283 375 385 790 
283 375 385 885 
283 375 385 721 
283 375 721 731 
283 375 731 885 
283 375 731 790 
283 385 721 731 
283 385 731 790 
283 385 731 885 
350 572 803 842 
350 572 579 803 
350 411 572 803 
354 509 593 989 
71 509 593 989 
354 593 921 989 
336 593 921 989 
71 593 921 989 
509 593 921 989 
440 517 647 883 
440 517 647 893 
517 647 883 893 
440 517 647 982 
517 647 883 982 
517 647 893 982 
350 411 579 803 
350 411 572 579 
318 413 788 956 
392 461 569 801 
392 461 801 862 
546 661 923 947 
217 546 661 947 
217 346 561 888 
336 354 509 593 
71 336 509 593 
336 509 593 921 
336 509 593 989 
349 351 464 634 
27 354 357 752 
58 354 357 752 
27 354 480 752 
58 354 480 752 
354 357 480 752 
375 385 731 885 
375 385 731 790 
375 385 721 731 
283 375 385 731 
378 487 510 912 
256 378 510 912 
256 378 510 978 
378 510 912 978 
411 579 803 842 
411 572 579 842 
350 411 579 842 
487 510 912 978 
256 487 510 978 
378 487 510 978 
L5 87:
283 375 385 721 731 
283 375 385 731 885 
283 375 385 731 790 
256 378 487 510 978 
256 487 510 912 978 
256 378 510 912 978 
378 487 510 912 978 
256 378 487 510 912 
256 378 487 912 978 
71 509 593 921 989 
336 509 593 921 989 
354 509 593 921 989 
71 354 593 921 989 
71 336 593 921 989 
71 336 509 593 921 
71 354 509 593 921 
71 354 509 593 989 
71 354 509 921 989 
71 336 509 593 989 
71 336 509 921 989 
71 336 354 509 593 
71 336 354 509 989 
283 375 385 721 790 
283 375 385 790 885 
27 58 354 357 752 
58 354 357 480 752 
336 354 509 593 921 
71 336 354 593 921 
71 336 354 509 921 
283 375 721 731 790 
283 375 731 790 885 
283 385 721 731 790 
375 385 721 731 790 
283 385 731 790 885 
375 385 731 790 885 
71 336 354 593 989 
336 354 509 593 989 
336 354 509 921 989 
71 336 354 921 989 
336 354 593 921 989 
350 411 572 579 842 
350 572 579 803 842 
350 411 572 579 803 
411 572 579 803 842 
392 461 569 801 862 
177 310 600 709 970 
440 494 517 893 982 
440 494 517 883 893 
440 494 517 883 982 
283 375 385 721 885 
27 58 357 480 752 
375 385 721 790 885 
375 385 721 731 885 
283 385 721 790 885 
283 375 721 790 885 
283 385 721 731 885 
283 375 721 731 885 
350 411 572 803 842 
350 411 579 803 842 
440 517 647 883 893 
517 647 883 893 982 
494 517 883 893 982 
27 440 517 883 893 
440 517 883 893 982 
440 494 883 893 982 
27 440 883 893 982 
39 580 832 871 988 
440 517 647 883 982 
27 440 517 883 982 
27 354 357 480 752 
27 440 517 893 982 
27 517 883 893 982 
440 517 647 893 982 
440 647 883 893 982 
33 217 283 346 515 
150 204 236 826 852 
150 204 236 826 906 
150 204 236 852 906 
27 58 354 480 752 
27 58 354 357 480 
217 546 661 923 947 
150 204 826 852 906 
150 236 826 852 906 
204 236 826 852 906 
385 721 731 790 885 
375 721 731 790 885 
283 721 731 790 885 
L6 21:
150 204 236 826 852 906 
27 440 517 883 893 982 
440 517 647 883 893 982 
440 494 517 883 893 982 
350 411 572 579 803 842 
375 385 721 731 790 885 
283 385 721 731 790 885 
283 375 721 731 790 885 
27 58 354 357 480 752 
283 375 385 721 790 885 
71 336 354 509 921 989 
71 336 354 509 593 989 
71 336 354 509 593 921 
71 336 354 593 921 989 
336 354 509 593 921 989 
71 354 509 593 921 989 
71 336 509 593 921 989 
256 378 487 510 912 978 
283 375 385 731 790 885 
283 375 385 721 731 790 
283 375 385 721 731 885 
L7 2:
71 336 354 509 593 921 989 
283 375 385 721 731 790 885 
