class 0, total number:37: 33 36 39 47 56 63 76 78 102 104 120 130 131 132 135 139 140 150 151 158 173 194 203 214 219 220 240 246 251 255 278 291 294 297 309 317 319
class 1, total number:9: 38 70 77 89 152 153 172 179 263
class 2, total number:12: 14 51 68 91 95 109 122 125 167 191 195 238
class 3, total number:19: 15 17 22 37 40 41 59 64 65 79 81 112 119 143 147 149 177 226 315
class 4, total number:23: 19 96 99 106 107 118 124 126 128 144 145 146 155 156 159 181 221 245 254 270 272 287 299
class 5, total number:113: 2 5 6 7 8 9 11 12 13 16 18 20 21 23 26 27 28 29 30 31 32 34 35 42 43 44 48 52 53 54 55 57 58 61 62 69 72 82 87 88 90 92 100 108 115 117 121 123 127 133 134 136 138 141 142 148 154 157 161 164 165 166 169 170 171 174 176 178 182 183 184 185 186 187 189 193 197 199 202 204 205 206 208 209 210 211 212 213 216 218 224 225 227 228 230 232 233 235 236 243 256 258 260 261 267 268 280 282 284 286 293 298 310
class 6, total number:42: 1 3 4 10 46 60 71 73 74 75 86 188 215 229 241 247 248 249 252 253 259 264 265 266 271 273 274 275 288 289 290 292 296 302 303 305 307 308 311 312 313 318
class 7, total number:7: 45 137 242 257 269 283 285
class 8, total number:53: 0 24 25 49 50 66 67 80 83 84 85 93 94 97 98 105 110 111 114 116 160 162 163 168 175 180 190 192 196 198 200 201 207 217 222 223 231 234 237 239 244 250 262 276 277 279 281 295 300 301 304 314 316
class 9, total number:5: 101 103 113 129 306
