class 0, total number:19: 2 18 20 65 81 82 92 112 122 127 147 152 154 169 191 197 209 219 226
class 1, total number:17: 0 16 19 54 90 111 113 136 159 217 237 262 270 272 277 280 299
class 2, total number:47: 10 45 46 60 71 72 73 75 83 155 156 166 177 179 187 188 189 204 211 215 229 231 234 241 242 248 249 252 254 255 259 265 271 273 283 285 290 291 296 302 303 304 305 307 308 312 319
class 3, total number:11: 24 25 49 84 85 93 105 162 190 250 281
class 4, total number:6: 64 80 94 97 261 279
class 5, total number:1: 309
class 6, total number:33: 1 3 4 5 6 7 9 11 12 13 14 17 21 22 23 27 30 31 34 35 48 53 55 59 69 153 178 203 210 218 235 284 286
class 7, total number:58: 38 40 42 50 52 57 68 70 77 96 99 100 106 109 114 118 121 123 124 125 126 133 138 141 144 145 161 163 165 167 168 170 171 181 182 184 195 198 199 202 206 208 212 213 216 221 225 227 228 230 232 233 236 238 256 258 260 267
class 8, total number:17: 28 32 37 41 43 44 79 103 117 129 143 150 172 175 201 223 251
class 9, total number:2: 51 95
class 10, total number:7: 110 116 120 146 151 294 310
class 11, total number:7: 119 134 247 263 264 266 269
class 12, total number:17: 130 158 160 243 245 257 268 278 287 288 292 298 301 313 314 316 318
class 13, total number:19: 88 89 101 102 104 131 139 173 193 194 200 207 214 220 240 246 282 297 317
class 14, total number:10: 8 15 29 33 39 47 58 62 63 132
class 15, total number:8: 174 192 196 222 239 244 293 295
class 16, total number:9: 74 176 224 253 274 275 289 306 311
class 17, total number:19: 26 61 67 86 98 107 108 115 128 140 148 149 157 180 183 185 186 205 300
class 18, total number:9: 36 56 66 76 78 87 135 276 315
class 19, total number:4: 91 137 142 164
